441
434
66
448
326
342
396
387
470
475
63
430
216
10
3
303
309
296
158
375
333
473
409
145
353
260
74
335
177
86
259
25
481
416
22
421
277
498
5
314
388
265
44
29
148
370
485
347
188
244
97
437
46
133
431
457
170
256
220
55
216
392
64
341
131
401
481
285
329
241
355
219
110
147
487
460
474
423
308
429
153
375
247
22
377
186
371
168
130
225
173
151
15
422
130
293
309
415
486
201
441
228
294
338
279
59
3
480
126
246
232
199
289
272
305
55
376
248
376
154
484
87
115
189
146
311
386
120
361
33
143
376
375
409
223
461
322
5
251
385
471
411
384
251
338
5
372
284
390
479
341
309
90
351
416
122
153
265
428
143
194
272
239
343
215
249
5
189
212
271
2
386
287
52
343
44
167
86
479
281
302
20
277
34
350
361
130
387
119
237
35
165
117
285
436
483
478
197
164
16
466
128
52
41
85
310
210
359
204
382
434
46
14
176
380
244
252
224
219
483
353
325
6
418
446
378
130
42
458
409
113
450
453
69
376
153
75
171
444
227
418
268
25
14
248
403
316
406
138
370
287
115
282
465
174
115
312
443
229
337
464
458
91
48
246
443
346
135
154
329
388
7
34
42
266
161
314
290
35
151
59
389
179
378
287
381
184
8
426
316
226
6
154
63
493
426
380
63
63
68
13
170
29
479
74
396
273
210
286
87
426
221
433
181
100
330
19
207
284
429
498
112
103
89
292
276
3
382
353
37
142
494
156
352
302
309
243
180
258
248
40
412
81
424
435
455
318
340
243
135
251
9
353
450
103
368
43
433
425
449
258
471
335
452
321
117
121
213
55
463
407
291
12
408
265
403
260
72
406
331
286
471
22
244
270
206
127
137
256
136
259
44
62
348
341
484
355
225
50
233
238
493
333
238
239
377
280
88
84
163
206
267
114
397
361
420
467
460
396
357
157
310
354
324
195
171
486
482
167
69
449
18
431
306
144
295
61
95
319
478
35
188
351
61
62
470
184
456
181
449
65
365
172
222
138
487
135
235
220
50
45
264
193
481
175
298
236
237
26
323
249
315
497
256
334
15
58
7
107
278
200
111
208
114
342
338
192
284
397
147
338
330
368
84
157
462
385
400
315
406
493
92
220
351
359
212
175
138
109
125
195
390
457
193
336
349
189
420
12
53
254
474
258
294
310
149
348
375
245
109
405
88
413
496
207
57
379
450
245
249
370
9
295
109
167
26
228
438
387
343
125
132
310
420
177
360
488
14
284
51
357
69
407
137
420
23
428
372
443
201
32
137
401
67
285
97
83
26
201
25
386
10
405
236
70
130
162
44
44
206
31
394
114
366
241
359
61
206
429
16
172
220
104
344
322
168
262
152
362
77
470
474
408
335
353
104
23
370
455
140
339
71
378
142
67
267
249
203
265
72
406
239
426
38
378
249
272
117
347
299
341
226
76
267
94
129
35
284
445
148
402
293
287
495
330
60
372
181
76
460
464
253
298
119
417
252
292
446
29
168
89
48
21
410
297
132
187
58
372
211
357
366
231
69
450
255
325
121
385
143
87
211
267
385
351
468
482
329
89
35
250
291
27
497
473
344
485
390
148
372
286
84
412
422
322
165
61
144
244
89
388
117
412
282
288
158
82
138
179
279
377
496
270
84
10
174
189
322
314
413
122
290
108
433
282
280
46
238
309
160
385
251
95
3
381
26
403
70
192
305
194
187
344
297
217
295
23
224
282
225
232
347
66
398
142
385
69
223
342
22
12
77
200
401
173
221
138
69
107
37
102
253
172
188
409
486
292
143
133
268
38
425
322
416
483
359
72
337
352
46
240
397
449
220
390
405
86
353
338
133
253
212
4
236
108
101
356
223
225
132
144
80
249
91
49
242
290
432
409
433
228
372
75
474
270
300
43
463
123
1
38
3
149
193
253
494
58
205
420
39
269
146
330
406
24
484
489
120
250
187
269
485
13
95
133
181
115
27
281
375
142
436
308
31
344
409
127
469
481
164
111
153
92
238
190
481
256
361
323
102
122
167
376
302
84
169
491
42
168
106
478
114
180
203
325
111
125
33
288
282
233
340
189
122
304
272
129
352
348
484
44
52
314
59
271
426
388
90
272
73
281
472
435
441
248
404
414
373
58
450
404
241
149
396
393
406
235
344
103
492
216
281
361
165
115
79
467
212
22
331
266
207
268
109
212
391
160
84
334
118
266
213
316
97
478
128
38
134
254
158
282
151
489
453
419
3
22
396
337
183
451
152
27
182
24
168
369
93
347
131
127
425
320
255
324
92
332
63
393
230
495
388
391
158
309
11
416
241
125
225
436
462
146
233
207
446
325
84
416
204
281
76
109
446
8
493
335
194
251
85
185
475
57
491
387
39
2
30
37
214
263
152
37
241
466
245
267
68
213
275
163
196
318
176
5
212
107
449
401
284
438
195
464
68
484
447
1
180
261
452
219
411
370
237
76
28
167
460
260
313
364
233
115
302
365
171
268
68
387
186
338
378
456
372
358
255
371
372
490
131
88
272
245
39
72
276
299
28
100
315
265
439
113
424
390
157
321
388
461
424
293
98
122
416
374
254
314
407
38
85
94
60
104
209
400
33
483
199
491
429
161
235
216
311
124
172
438
98
59
460
466
406
451
299
487
114
333
475
279
342
416
377
86
413
410
253
15
41
174
251
269
429
115
163
232
224
337
167
402
312
492
131
62
454
86
109
366
482
328
71
71
387
496
332
457
194
55
284
259
327
43
249
102
438
122
293
93
396
150
435
377
337
119
352
393
221
126
384
368
193
175
255
361
336
375
355
210
294
208
135
256
94
402
493
12
425
480
478
467
70
218
151
387
304
182
278
463
423
42
354
172
327
51
203
105
330
204
450
86
254
347
131
457
222
82
360
489
317
272
288
70
404
496
304
9
320
252
431
312
372
196
413
405
184
486
252
275
103
47
393
281
8
362
305
392
468
380
410
290
78
157
105
141
191
335
258
235
357
264
118
149
109
427
313
107
139
7
287
440
123
431
133
289
20
377
73
107
270
405
71
195
417
270
36
387
430
265
146
166
181
52
490
46
279
122
479
23
429
241
438
184
196
337
327
82
105
218
36
471
394
3
345
375
411
265
467
378
177
6
278
18
41
446
443
222
207
295
436
185
211
173
190
322
44
243
290
318
177
159
191
369
158
495
269
407
214
225
15
430
186
298
410
420
185
56
475
154
266
491
278
79
453
156
57
68
115
35
407
276
323
390
50
150
385
129
299
432
194
309
151
195
186
328
495
324
429
321
219
79
206
326
321
186
448
338
362
306
284
326
481
37
413
109
452
384
169
157
83
174
246
492
458
330
358
66
62
56
409
371
466
81
277
458
67
226
327
417
279
348
56
387
27
312
158
458
402
355
360
367
365
392
110
167
293
466
441
205
484
340
380
393
262
7
30
329
215
338
278
433
415
91
385
118
307
476
122
485
233
442
144
81
122
3
26
182
429
150
469
29
295
248
162
67
353
65
388
462
250
157
459
231
196
77
413
125
235
253
231
44
484
188
322
407
23
1
434
227
76
27
50
84
346
206
465
453
227
89
306
84
49
362
234
118
72
192
315
317
434
318
246
394
381
141
2
115
6
227
58
394
154
88
138
205
309
275
47
246
335
99
248
112
184
496
418
321
402
45
80
285
3
349
143
329
53
159
434
338
228
360
456
422
106
449
275
200
232
113
324
318
156
383
347
458
333
297
37
63
21
426
300
444
395
18
305
174
173
188
331
334
328
272
63
377
100
95
148
302
464
46
468
56
205
167
388
262
123
99
273
34
82
222
291
93
439
168
196
65
378
185
333
390
60
381
81
413
113
245
257
80
225
65
404
112
217
227
114
462
254
171
145
62
19
125
478
107
16
116
175
479
62
269
486
19
345
9
278
84
168
441
103
189
6
439
166
387
98
4
34
407
243
143
194
36
87
35
323
296
40
203
394
44
299
401
101
161
126
416
33
278
450
417
432
313
26
250
446
395
309
391
466
68
484
257
110
413
137
50
410
406
435
215
354
422
427
107
206
163
129
249
260
26
151
320
361
90
13
477
53
499
113
358
181
454
333
464
317
104
329
370
450
471
153
335
311
264
320
10
167
71
353
473
87
53
324
359
329
174
193
94
221
28
336
392
412
88
388
174
431
459
250
70
18
371
292
241
303
146
369
137
462
8
344
456
121
37
384
368
424
156
92
499
39
240
474
370
135
198
430
212
131
407
328
162
196
238
171
46
83
141
319
141
458
230
403
134
236
51
224
52
383
230
62
409
125
339
367
176
478
310
250
488
381
135
255
216
210
55
305
497
260
499
177
467
450
51
177
360
362
364
302
224
88
269
13
234
327
310
194
418
393
230
186
223
360
377
79
480
327
248
353
279
374
283
274
71
469
261
214
40
57
44
148
400
110
408
199
392
85
329
213
479
325
341
129
429
44
426
379
108
189
493
484
221
495
246
367
55
300
390
199
29
218
175
340
338
457
123
409
252
129
452
463
476
36
127
424
329
347
196
32
407
415
423
78
103
106
62
201
377
191
190
126
255
231
67
345
347
234
173
59
237
257
403
213
83
137
301
259
352
53
495
172
441
284
221
411
138
328
454
190
81
53
176
232
57
296
345
475
142
208
212
323
123
3
122
271
239
345
358
467
280
175
231
138
349
123
488
428
237
408
70
4
124
33
436
182
478
303
143
467
330
262
381
354
69
327
182
52
106
461
264
408
488
434
168
129
342
489
324
16
442
68
406
185
349
82
138
152
461
451
100
475
368
39
202
223
323
199
432
85
268
246
172
135
340
58
405
119
308
389
354
325
472
258
57
26
274
102
167
252
42
493
74
19
475
265
350
100
124
92
284
496
76
286
102
110
142
386
132
24
228
127
285
457
218
450
48
487
416
420
20
81
123
170
370
142
355
415
198
15
110
318
365
496
467
371
341
471
488
135
227
441
87
14
377
59
373
283
343
402
212
60
224
244
78
239
92
302
19
53
250
72
371
92
157
447
19
57
283
392
150
29
305
378
92
324
396
237
232
466
373
254
248
171
350
412
381
39
278
396
162
324
74
450
286
262
75
495
401
379
452
338
21
499
56
266
203
106
180
454
153
130
413
266
319
446
283
485
340
356
188
477
119
7
125
291
59
237
106
385
267
241
337
463
161
427
176
346
155
217
29
212
312
61
143
22
387
453
14
40
120
385
376
365
273
179
382
212
436
359
454
4
292
181
226
111
425
219
494
442
347
390
85
321
93
79
92
165
425
206
475
396
170
195
330
178
281
443
382
261
485
105
435
461
214
153
363
475
118
317
77
76
161
150
458
315
12
73
422
406
361
461
113
372
79
125
129
337
244
212
29
204
293
487
270
73
88
38
373
244
120
265
91
276
8
276
75
131
243
137
466
382
6
331
216
181
258
86
173
432
474
312
79
288
470
71
157
128
328
319
497
83
115
25
286
467
1
484
35
9
273
78
159
157
409
458
280
398
363
405
344
51
384
276
494
227
353
102
164
165
412
444
122
5
159
21
321
419
145
163
336
76
90
136
403
319
486
295
197
468
179
416
251
66
170
213
73
485
419
243
89
156
54
274
310
270
411
26
437
468
393
466
118
489
332
379
7
373
346
19
425
87
403
369
236
110
65
280
492
459
39
361
13
135
374
127
378
57
345
188
259
7
113
465
418
166
477
212
333
171
48
415
327
291
75
8
272
394
332
476
273
39
123
419
287
109
286
386
196
472
321
384
151
292
252
462
252
74
118
240
410
262
325
455
383
36
324
472
406
92
237
495
243
10
35
389
69
99
295
421
54
351
377
406
451
128
326
404
98
143
264
481
322
96
38
121
274
209
484
116
332
369
371
94
267
102
198
41
318
182
429
99
43
24
451
96
12
78
264
244
429
201
124
94
21
55
389
52
14
404
167
119
365
413
430
76
168
97
328
274
398
354
4
66
286
369
180
430
173
143
375
49
88
484
476
180
250
162
492
297
400
472
138
454
126
137
269
438
120
151
387
250
344
304
135
385
451
354
472
433
115
262
198
336
38
394
483
363
192
309
386
160
415
493
22
207
162
445
304
85
85
252
205
154
349
312
441
174
223
126
76
186
480
427
482
49
63
250
9
39
382
225
16
420
14
159
472
128
37
221
190
462
399
151
158
222
96
422
401
242
245
230
187
411
155
18
36
102
379
285
36
31
84
300
369
459
437
480
374
372
263
387
49
397
227
132
305
451
148
56
433
169
263
390
98
18
452
397
392
471
98
39
383
239
152
372
408
344
35
270
158
441
160
324
62
430
200
136
414
321
273
396
358
460
106
216
208
344
92
417
125
418
419
113
157
54
206
243
275
303
403
279
494
69
332
414
312
332
453
29
69
166
464
284
17
115
213
159
20
174
111
110
125
443
69
350
113
372
366
123
442
180
56
198
292
345
220
128
455
49
102
365
361
36
128
56
414
294
219
298
233
52
426
271
324
79
83
483
200
219
113
308
225
349
284
33
389
312
372
282
317
217
298
353
201
124
227
253
391
498
67
236
81
327
416
84
456
22
482
355
24
497
227
468
81
118
119
274
51
367
432
190
125
53
409
258
365
423
472
307
459
95
269
220
175
55
376
33
232
402
301
430
364
148
496
190
308
466
497
247
62
153
130
76
443
164
149
398
456
120
143
57
476
330
445
86
375
78
132
11
292
333
337
170
76
34
152
204
374
442
254
267
310
175
476
4
275
328
285
175
10
80
425
358
2
161
344
5
14
34
178
42
28
489
329
62
204
457
250
115
69
321
182
319
422
299
167
55
29
240
92
35
149
195
159
252
128
350
312
483
8
233
470
182
263
37
118
68
474
255
178
298
230
272
143
290
248
474
261
389
132
423
367
430
242
190
42
416
187
298
3
31
200
66
151
234
110
220
40
458
367
193
413
375
334
223
368
107
242
25
101
386
46
111
98
79
294
238
260
46
61
52
437
405
59
269
237
275
208
171
325
94
404
206
8
20
46
462
166
435
357
354
184
432
215
453
144
112
69
329
43
224
470
151
54
280
299
330
416
154
296
139
167
5
460
426
472
329
453
204
333
414
438
62
95
31
159
25
477
58
96
10
6
25
241
285
38
38
398
452
360
383
290
312
384
33
26
174
417
445
295
285
272
150
395
52
197
211
244
468
192
71
445
398
241
385
168
48
451
402
311
24
254
137
286
187
423
417
433
201
131
372
369
242
243
421
117
76
306
104
244
270
444
45
459
92
152
50
452
473
144
294
41
393
145
52
320
174
72
331
138
302
451
493
489
365
148
389
375
469
156
115
394
127
134
444
11
310
72
321
491
238
244
7
265
10
430
75
249
490
187
223
34
131
100
12
129
469
76
499
179
209
120
255
298
392
87
84
417
93
30
70
86
247
49
314
49
441
68
180
253
8
423
113
134
131
374
320
298
327
268
236
147
343
86
203
115
9
121
94
189
476
91
366
245
141
155
178
48
489
101
300
117
62
55
6
481
51
487
484
332
171
450
29
85
89
60
463
355
183
424
353
455
30
385
476
490
396
212
92
193
33
420
168
274
396
417
220
403
151
258
177
173
150
165
84
51
120
244
94
329
211
238
232
403
457
280
9
204
201
443
334
434
134
440
124
453
50
225
147
207
92
238
250
413
23
175
6
430
30
446
156
246
148
55
109
230
58
115
62
347
78
140
129
4
437
206
298
434
297
23
383
89
26
436
315
38
171
456
448
20
253
356
268
248
106
327
311
416
284
433
297
425
312
267
293
404
117
19
87
447
111
30
311
465
183
33
233
69
471
85
259
93
206
29
118
460
350
234
344
379
97
343
471
44
50
203
491
427
5
186
204
158
128
25
395
262
127
15
216
435
320
173
441
50
471
359
487
496
87
439
71
221
240
280
128
221
125
4
388
28
211
204
182
325
7
13
277
204
193
442
322
430
237
273
369
101
286
303
313
209
367
158
425
227
148
491
194
91
38
125
32
135
92
283
471
81
211
475
157
60
401
366
119
493
321
466
329
205
423
351
295
285
173
280
402
206
273
342
479
2
282
69
82
444
485
226
83
250
205
221
453
438
194
33
143
364
214
351
491
220
145
442
447
261
321
264
262
289
94
144
432
220
211
322
295
168
308
118
170
53
468
459
43
94
140
213
204
461
495
188
287
101
455
255
228
103
239
304
108
167
108
196
411
153
101
373
50
161
105
133
210
245
29
407
144
294
298
189
172
274
446
54
419
441
432
450
169
98
206
176
120
120
485
206
207
302
67
256
148
260
456
102
16
443
97
250
207
423
44
204
91
183
304
158
310
136
334
212
10
432
403
122
288
101
114
273
74
406
71
321
466
87
236
66
287
219
112
55
380
340
32
142
440
128
347
302
137
149
30
369
174
177
466
424
187
323
185
241
329
291
304
362
459
404
181
410
92
292
289
21
163
416
155
463
347
39
405
262
324
322
206
93
195
464
299
179
448
302
94
329
426
19
28
162
365
136
336
98
42
488
116
26
452
384
330
249
382
243
482
344
277
316
247
125
175
94
140
50
286
296
16
467
361
304
406
249
184
268
243
8
255
92
277
280
51
128
471
132
350
484
96
36
402
260
19
464
121
108
76
61
148
278
113
309
405
263
327
74
216
461
496
352
147
443
498
60
323
161
170
479
370
92
55
379
52
162
485
34
384
496
157
347
295
391
377
63
203
490
286
414
401
85
324
456
457
440
258
40
152
38
86
405
480
168
254
290
372
179
205
67
178
176
303
77
45
8
286
89
307
179
115
298
466
309
47
460
186
175
70
60
234
451
453
190
302
403
7
182
434
216
359
459
292
157
132
163
418
140
267
197
199
125
398
84
369
334
6
51
461
257
193
243
435
165
58
442
193
410
202
205
369
481
151
66
58
209
369
138
155
199
108
315
245
497
304
412
371
357
333
477
112
311
398
367
208
420
271
41
64
78
90
30
453
140
189
354
176
294
225
63
395
182
399
434
122
278
257
56
462
164
140
10
464
162
167
154
407
79
168
397
233
64
320
436
469
33
217
234
348
118
233
15
347
245
485
176
466
241
89
104
221
422
474
297
80
205
53
312
269
212
65
301
416
220
437
273
163
6
419
277
230
197
84
373
386
467
444
123
362
35
60
215
241
387
229
459
366
420
330
79
338
155
435
241
20
448
122
74
240
41
383
140
412
388
102
123
465
32
412
296
176
365
328
41
29
481
61
482
290
246
260
207
28
454
88
134
388
414
140
339
396
453
415
45
403
153
356
455
40
360
109
31
470
397
174
485
327
191
464
478
372
114
466
402
381
167
318
26
16
475
392
357
408
84
408
328
452
362
82
184
132
90
85
146
180
278
53
309
60
32
97
408
323
38
116
274
371
119
183
84
196
294
271
391
108
396
282
191
44
316
178
70
358
377
469
3
391
492
36
172
194
133
255
182
174
467
348
167
42
288
98
68
186
412
341
186
132
367
159
321
84
249
283
482
275
469
320
296
453
152
170
184
62
438
133
318
432
264
190
122
173
250
436
101
211
62
466
429
490
59
208
420
470
413
474
491
302
171
90
344
62
405
464
215
110
256
314
196
263
376
461
293
338
226
24
66
469
253
64
300
446
297
100
402
151
289
114
188
34
312
374
54
139
442
181
475
13
246
316
82
450
310
17
24
148
69
102
390
2
133
490
239
329
98
203
365
148
88
22
4
24
376
47
232
410
320
379
97
41
300
72
433
185
330
97
77
428
449
358
25
235
269
190
295
197
409
339
185
366
296
317
1
360
79
236
122
21
61
157
481
180
352
498
210
38
431
86
59
395
87
411
25
116
401
130
416
14
382
44
206
193
192
155
348
69
483
271
225
31
282
197
44
378
496
297
295
334
188
228
305
316
366
107
428
159
373
397
489
126
485
269
385
479
476
229
146
120
294
209
456
89
442
282
333
134
475
419
222
347
57
29
184
453
465
91
70
182
268
166
208
301
362
404
260
465
320
479
217
436
440
211
301
370
23
154
334
72
393
122
452
434
281
160
186
365
130
422
330
277
267
136
335
233
228
425
183
224
8
361
58
496
135
303
54
18
419
468
220
81
94
494
292
74
137
477
233
393
155
137
191
339
424
299
203
90
385
454
284
95
1
312
479
446
244
485
97
230
436
404
63
295
286
349
141
319
456
58
141
42
265
205
468
10
188
388
315
385
69
29
428
226
489
234
64
358
376
386
22
427
451
358
266
173
42
45
43
380
169
136
448
108
298
163
256
299
362
106
99
31
327
475
8
121
353
210
448
72
3
81
181
200
475
38
281
234
139
87
295
128
121
216
409
417
323
243
202
143
480
81
98
181
340
281
45
152
248
448
77
66
337
234
434
397
155
79
53
284
449
461
207
163
306
255
427
248
371
481
251
420
149
429
374
220
382
71
206
56
304
160
150
210
262
145
137
438
107
371
32
78
46
303
241
489
49
345
466
400
128
324
129
206
96
247
52
196
268
124
465
355
307
208
234
179
370
414
105
65
243
21
348
371
321
200
342
72
436
426
260
3
476
99
104
471
451
111
306
322
406
118
285
265
187
437
38
190
244
425
297
217
87
442
238
70
283
433
494
183
117
57
167
313
442
293
392
50
344
403
417
226
54
384
213
490
219
321
387
301
15
198
492
8
83
96
56
402
441
401
498
158
347
230
418
250
216
159
447
406
217
499
261
203
333
255
180
259
118
40
363
342
42
234
34
267
236
43
405
213
357
78
48
219
309
431
27
49
32
223
180
314
197
284
77
403
282
242
249
366
393
63
221
478
139
494
163
347
349
367
2
368
299
60
136
422
291
242
474
124
401
150
463
112
16
253
482
238
497
32
247
248
75
129
229
30
445
317
417
131
22
132
330
375
111
257
307
43
349
304
251
294
323
137
168
129
351
423
93
308
391
202
258
288
110
461
360
113
464
469
19
173
6
102
220
283
478
176
8
232
333
443
196
240
166
443
444
483
295
287
60
101
162
288
198
427
5
277
300
123
405
14
306
345
492
283
184
474
191
98
424
218
234
17
151
245
168
10
176
81
210
394
411
65
325
393
56
357
143
340
470
158
336
289
230
454
249
89
233
202
21
346
231
102
459
378
410
184
485
360
172
318
143
233
470
35
263
428
286
444
425
154
443
240
82
461
120
211
53
2
313
347
255
20
499
22
457
338
102
371
492
361
477
381
110
17
60
457
181
267
420
255
246
248
151
294
91
228
88
216
161
225
217
366
256
300
89
5
475
262
155
139
145
331
184
297
331
44
422
98
88
324
